dart0.jpg,433,16,171,174
dart1.jpg,187,123,208,197
dart2.jpg,91,91,108,94
dart3.jpg,310,139,88,85
dart4.jpg,163,83,241,228
dart4.jpg,158,222,55,54
dart5.jpg,422,132,122,122
dart6.jpg,202,115,87,71
dart7.jpg,242,164,170,154
dart8.jpg,827,215,136,120
dart8.jpg,54,251,82,86
dart9.jpg,187,43,247,235
dart10.jpg,84,97,106,115
dart10.jpg,580,128,67,84
dart10.jpg,912,145,47,69
dart11.jpg,172,101,75,89
dart11.jpg,209,243,27,37
dart11.jpg,431,109,58,86
dart12.jpg,150,70,76,148
dart13.jpg,263,108,147,143
dart14.jpg,112,97,132,126
dart14.jpg,979,90,136,127
dart15.jpg,145,51,149,143
